200 1445
0 4
0 13
0 14
0 45
0 60
0 72
0 78
0 88
0 105
0 111
0 135
0 199
1 17
1 70
1 76
1 77
1 97
1 144
1 146
1 159
1 169
1 177
1 194
2 32
2 58
2 66
2 69
3 10
3 53
3 68
3 96
3 112
3 115
3 133
3 152
3 160
3 173
3 175
4 9
4 13
4 30
4 31
4 45
4 84
4 88
4 105
4 110
4 111
4 199
5 21
5 112
5 121
5 157
5 184
5 195
6 20
6 26
6 93
6 120
6 176
7 1
7 12
7 17
7 51
7 75
7 77
7 97
7 144
7 162
7 177
7 192
8 68
8 133
8 160
8 173
8 175
8 188
8 191
9 0
9 14
9 31
9 45
9 60
9 62
9 65
9 78
9 84
9 100
9 110
10 8
10 54
10 96
10 98
10 133
10 152
10 160
10 178
10 191
11 19
11 28
11 56
11 82
11 147
11 186
12 24
12 51
12 75
12 76
12 146
12 162
12 177
12 192
12 194
13 30
13 45
13 60
13 78
13 199
14 4
14 30
14 45
14 60
14 62
14 72
14 78
14 84
14 88
15 35
15 67
15 113
15 163
15 197
16 46
16 114
16 127
16 134
16 140
16 148
16 189
17 12
17 24
17 25
17 77
17 97
17 146
17 159
17 177
17 194
18 43
18 49
18 104
18 126
18 166
19 28
19 56
19 71
19 147
19 151
19 171
19 186
20 26
20 94
20 120
20 174
21 94
21 154
21 184
22 29
22 48
22 80
22 119
22 132
22 165
22 193
23 15
23 40
23 57
23 63
23 67
23 89
23 113
23 118
23 125
23 145
23 183
23 197
24 1
24 7
24 25
24 70
24 76
24 77
24 97
24 144
24 159
24 162
24 177
24 192
25 7
25 12
25 38
25 70
25 76
25 97
25 146
25 159
25 162
25 177
25 192
25 194
26 33
26 86
26 93
26 107
26 122
26 176
27 136
27 143
27 155
27 168
28 42
28 44
28 56
28 81
28 92
28 147
28 151
28 171
28 186
29 48
29 50
29 83
29 108
29 109
29 165
29 179
29 190
30 0
30 9
30 45
30 60
30 84
30 100
30 105
30 111
30 135
30 199
31 0
31 13
31 14
31 30
31 45
31 78
31 135
31 199
32 34
32 52
32 58
32 139
33 6
33 102
33 176
34 139
35 23
35 40
35 57
35 89
35 113
35 163
35 183
36 5
36 21
36 121
36 154
36 157
36 167
36 172
36 184
37 47
37 90
37 95
37 150
37 156
38 1
38 7
38 12
38 17
38 24
38 51
38 76
38 77
38 144
38 194
39 6
39 20
39 26
39 33
39 94
39 120
39 122
39 174
40 15
40 57
40 113
40 118
40 125
40 130
40 187
40 197
41 16
41 46
41 79
41 129
41 142
41 167
41 189
42 18
42 43
42 49
42 73
42 116
42 126
42 131
43 116
43 126
43 131
43 166
44 11
44 19
44 81
44 141
44 149
44 151
44 158
44 171
45 60
45 72
45 84
45 88
45 100
45 111
46 127
46 128
46 129
46 140
46 142
46 148
47 90
47 150
47 156
48 83
48 108
48 132
48 165
48 182
48 190
48 193
49 43
49 73
49 74
49 126
50 22
50 48
50 80
50 83
50 106
50 108
50 119
50 132
50 180
50 182
51 1
51 17
51 24
51 25
51 70
51 76
51 97
51 120
51 144
51 146
51 159
51 192
51 194
52 2
52 34
52 49
52 66
52 69
52 91
52 139
52 198
53 8
53 10
53 54
53 61
53 96
53 99
53 133
53 160
53 173
53 175
53 188
53 191
54 3
54 8
54 68
54 96
54 98
54 99
54 112
54 115
54 160
54 178
54 188
55 11
55 28
55 44
55 151
55 171
55 186
56 44
56 55
56 71
56 81
56 82
56 141
56 147
56 149
56 151
56 186
56 195
57 63
57 67
57 118
57 130
57 161
57 163
57 183
57 187
57 197
58 52
58 66
58 69
59 16
59 41
59 46
59 117
59 127
59 128
59 142
59 148
59 164
59 196
60 4
60 31
60 88
60 199
61 3
61 8
61 10
61 54
61 68
61 99
61 115
61 152
61 173
61 178
61 188
62 0
62 4
62 30
62 45
62 60
62 65
62 72
62 100
62 105
62 111
62 135
62 199
63 15
63 35
63 40
63 67
63 113
63 118
63 125
63 161
63 198
64 22
64 29
64 48
64 50
64 108
64 119
64 132
64 179
64 182
65 0
65 4
65 14
65 30
65 45
65 60
65 72
65 84
65 100
65 105
65 111
65 199
66 32
66 91
67 35
67 40
67 89
67 113
67 145
67 161
67 197
68 10
68 53
68 152
68 173
68 191
69 32
69 34
69 66
69 139
70 7
70 12
70 17
70 38
70 75
70 77
70 97
70 144
70 162
70 177
70 192
70 194
71 11
71 28
71 44
71 55
71 81
71 141
71 147
71 149
71 186
72 4
72 9
72 13
72 30
72 31
72 60
72 78
72 105
72 110
72 135
73 18
73 43
73 104
73 126
73 137
74 18
74 43
74 73
74 104
74 137
75 1
75 17
75 24
75 25
75 38
75 44
75 51
75 97
75 159
75 162
75 169
76 17
76 70
76 75
76 77
76 144
76 159
76 162
76 177
76 192
76 194
77 12
77 25
77 51
77 75
77 177
77 192
78 4
78 30
78 45
78 60
78 62
78 65
78 84
78 100
78 105
78 110
78 199
79 16
79 46
79 99
79 114
79 127
79 134
79 142
79 148
79 164
79 170
79 181
80 48
80 83
80 106
80 108
80 119
80 180
80 190
81 11
81 19
81 55
81 141
81 149
81 186
82 19
82 44
82 55
82 81
82 141
82 147
82 171
83 64
83 106
83 108
84 0
84 13
84 60
84 62
84 72
84 100
84 135
85 5
85 21
85 36
85 185
86 6
86 20
86 33
86 39
86 93
86 94
86 102
86 122
86 176
87 27
87 101
88 9
88 13
88 30
88 31
88 62
88 72
88 78
88 84
88 105
88 110
88 135
89 15
89 40
89 57
89 63
89 113
89 118
89 123
89 163
89 187
89 197
90 95
90 150
90 156
91 2
91 32
91 34
91 58
91 69
91 139
92 44
92 55
92 71
92 72
92 82
92 141
92 147
92 149
92 151
92 158
92 171
92 186
93 20
93 39
93 94
93 107
93 120
93 122
93 176
94 26
94 33
94 102
94 120
94 122
94 174
95 47
95 150
95 156
96 8
96 61
96 68
96 98
96 99
96 133
96 175
96 188
97 12
97 38
97 77
97 144
97 159
97 162
97 169
97 177
97 194
98 3
98 8
98 53
98 61
98 99
98 112
98 115
98 133
98 173
98 178
98 191
99 3
99 8
99 10
99 68
99 115
99 133
99 178
99 191
100 0
100 13
100 14
100 31
100 60
100 72
100 88
101 27
101 136
102 20
102 39
102 93
102 107
102 176
104 42
104 49
104 116
104 137
104 161
105 13
105 14
105 31
105 45
105 84
105 100
105 110
105 135
106 22
106 29
106 48
106 64
106 108
106 109
106 165
106 182
106 190
106 193
107 6
107 20
107 33
107 39
107 86
107 94
107 120
107 176
108 22
108 109
108 119
108 132
108 165
108 180
108 190
109 22
109 48
109 50
109 64
109 83
109 119
109 180
109 190
109 193
110 0
110 13
110 14
110 45
110 60
110 62
110 65
110 84
110 100
110 135
110 199
111 9
111 13
111 14
111 31
111 60
111 72
111 78
111 84
111 88
111 100
111 105
111 110
112 8
112 10
112 53
112 61
112 96
112 99
112 152
112 168
112 175
112 188
112 191
113 57
113 125
113 145
113 163
114 46
114 59
114 140
114 164
114 196
115 8
115 10
115 53
115 96
115 112
115 133
115 160
115 188
116 18
116 73
116 74
116 131
117 16
117 41
117 46
117 79
117 114
117 127
117 140
117 142
117 170
118 15
118 35
118 93
118 113
118 130
118 161
118 187
119 29
119 83
119 106
119 132
119 182
119 193
120 26
120 33
120 86
120 102
121 21
121 85
121 167
121 184
121 185
121 195
122 20
122 102
122 107
122 176
123 15
123 35
123 40
123 63
123 67
123 113
123 118
123 125
123 130
123 145
123 183
123 197
123 198
124 18
124 42
124 49
124 73
124 104
124 116
125 15
125 57
125 67
125 118
125 161
125 183
125 187
125 197
126 74
126 104
126 124
126 131
126 137
127 41
127 114
127 134
127 148
127 181
128 16
128 41
128 79
128 114
128 117
128 127
128 140
128 148
128 164
128 170
129 59
129 79
129 114
129 117
129 128
129 140
129 142
129 170
130 15
130 35
130 89
130 113
130 145
130 161
130 163
130 183
130 197
131 18
131 49
131 73
131 104
131 124
131 166
132 29
132 83
132 106
132 109
132 179
132 193
133 54
133 61
133 68
133 160
133 178
134 46
134 59
134 114
134 117
134 128
134 129
134 142
134 164
134 170
134 181
135 4
135 13
135 14
135 20
135 45
135 60
135 65
135 78
135 111
135 199
136 143
136 168
137 18
137 116
137 124
137 131
138 103
139 2
139 58
139 66
140 41
140 59
140 79
140 127
140 134
140 164
140 170
140 189
141 11
141 19
141 28
141 55
141 171
141 186
142 16
142 114
142 127
142 128
142 140
142 148
142 164
143 87
143 168
144 17
144 25
144 75
144 77
144 146
144 159
144 162
144 177
145 15
145 35
145 40
145 57
145 63
145 89
145 118
145 125
145 161
145 187
145 197
145 198
146 7
146 24
146 38
146 67
146 70
146 75
146 76
146 97
146 177
146 192
147 44
147 55
147 81
147 98
147 141
147 151
148 41
148 117
148 129
148 196
149 11
149 19
149 28
149 55
149 82
149 141
149 147
149 158
149 171
151 71
151 82
151 141
151 149
152 8
152 53
152 98
152 99
152 115
152 133
152 160
152 178
152 188
152 191
154 5
154 85
154 121
154 172
154 185
154 195
155 87
155 101
155 143
157 21
157 85
157 121
157 154
157 172
157 185
157 190
158 11
158 19
158 55
158 56
158 71
158 81
158 82
158 141
158 147
158 171
159 7
159 38
159 70
159 77
159 146
159 162
159 177
159 192
159 194
160 68
160 96
160 98
160 99
160 112
160 173
160 188
161 15
161 23
161 35
161 40
161 113
161 163
161 187
161 198
162 1
162 17
162 38
162 49
162 77
162 169
162 177
162 194
163 23
163 40
163 63
163 67
163 118
163 123
163 125
163 145
163 183
163 187
163 198
164 16
164 41
164 46
164 117
164 127
164 129
164 148
164 170
164 196
165 64
165 80
165 83
165 109
165 119
165 132
165 179
165 182
166 42
166 49
166 73
166 74
166 104
166 124
166 126
166 137
167 5
167 21
167 85
167 157
167 172
167 195
168 87
168 101
168 155
169 7
169 12
169 17
169 25
169 38
169 51
169 70
169 144
169 146
169 159
169 177
169 194
170 41
170 46
170 59
170 127
170 142
170 148
170 181
170 189
170 196
171 11
171 56
171 81
171 147
171 151
172 5
172 21
172 85
172 120
172 121
172 185
172 195
173 10
173 54
173 112
173 115
173 152
173 175
173 191
174 26
174 33
174 86
174 93
174 102
174 107
174 122
175 54
175 61
175 98
175 99
175 115
175 133
175 152
175 160
175 191
176 20
176 94
176 174
177 38
177 42
177 51
177 75
177 166
177 194
178 3
178 8
178 53
178 68
178 96
178 112
178 160
178 173
178 175
178 188
178 191
179 22
179 48
179 50
179 80
179 83
179 106
179 108
179 109
179 119
180 22
180 29
180 48
180 64
180 83
180 106
180 119
180 165
180 179
180 193
181 41
181 46
181 59
181 114
181 117
181 129
181 142
181 148
181 164
181 196
182 22
182 29
182 80
182 108
182 109
182 179
182 180
182 190
183 15
183 40
183 63
183 89
183 145
183 187
183 197
183 198
184 85
184 154
184 167
184 185
184 195
185 5
185 21
185 36
185 167
185 195
186 44
186 82
186 147
186 149
186 158
186 171
187 15
187 23
187 35
187 63
187 67
187 113
187 130
187 197
188 10
188 68
188 98
188 99
188 133
188 173
188 175
188 191
189 46
189 59
189 79
189 117
189 128
189 129
189 134
189 142
189 148
189 164
189 181
190 22
190 50
190 83
190 119
190 132
190 179
190 180
191 3
191 61
191 96
191 115
191 119
191 133
191 160
192 17
192 38
192 75
192 144
192 162
192 169
192 177
192 194
193 29
193 50
193 64
193 80
193 83
193 108
193 179
193 182
193 190
194 75
194 144
194 146
195 36
195 85
195 157
196 16
196 41
196 46
196 79
196 117
196 127
196 128
196 134
196 140
196 142
197 35
197 63
197 113
197 118
197 163
197 198
198 15
198 23
198 35
198 89
198 113
198 118
198 125
198 130
198 187
199 9
199 14
199 45
199 72
199 84
199 88
199 100
199 105
199 160
