100 638
0 21
0 24
0 57
0 58
0 82
0 93
0 96
1 25
1 32
1 42
1 72
1 84
1 95
2 35
3 0
3 39
3 57
3 86
3 93
3 96
4 31
4 34
4 40
4 43
4 46
4 62
4 65
4 67
4 85
4 90
4 91
5 13
5 23
5 29
5 33
5 50
5 54
5 64
5 76
6 55
6 59
7 26
7 37
7 70
7 75
7 83
7 97
9 7
9 11
9 16
9 30
9 37
9 70
9 83
10 27
11 7
11 26
11 37
11 75
11 83
11 88
11 97
12 5
12 23
12 29
12 49
12 54
12 64
12 66
12 69
12 74
12 78
13 12
13 29
13 33
13 49
13 63
13 64
13 79
14 8
14 55
14 73
15 99
16 7
16 11
16 70
16 75
16 97
17 4
17 20
17 40
17 53
17 67
17 81
17 91
18 1
18 25
18 72
18 84
18 95
19 0
19 3
19 24
19 44
19 48
19 86
19 92
20 4
20 31
20 34
20 46
20 51
20 58
20 62
20 85
20 91
20 99
21 3
21 19
21 24
21 39
21 45
21 48
21 57
21 86
21 96
22 56
22 71
23 13
23 29
23 63
23 69
23 76
23 79
24 3
24 28
24 39
24 45
24 48
24 57
24 82
24 85
25 11
25 32
25 72
25 84
25 95
26 9
26 10
26 16
26 70
26 83
26 97
27 6
27 94
28 3
28 19
28 21
28 45
28 48
28 82
28 86
28 96
29 33
29 50
29 54
29 66
29 69
29 78
30 7
30 11
30 26
30 37
30 68
30 83
30 88
30 97
31 17
31 34
31 36
31 43
31 53
31 58
31 62
31 65
31 81
31 85
31 90
32 18
32 42
32 80
32 95
33 12
33 23
33 47
33 49
33 50
33 54
33 63
33 64
33 74
33 76
34 17
34 40
34 53
34 62
34 65
34 85
34 89
36 4
36 17
36 20
36 62
36 67
36 85
36 89
36 90
36 99
37 16
37 26
37 68
37 70
37 88
37 97
39 0
39 19
39 28
39 44
39 45
39 82
39 92
39 96
40 20
40 31
40 36
40 43
40 46
40 53
40 62
40 99
41 98
42 18
42 25
42 60
42 72
43 17
43 20
43 34
43 36
43 51
43 77
43 81
43 85
43 89
43 91
44 3
44 21
44 24
44 28
44 45
44 48
44 57
44 82
44 92
45 0
45 3
45 19
45 48
45 57
45 82
45 93
45 96
46 17
46 34
46 36
46 65
46 67
46 89
46 91
47 5
47 12
47 13
47 29
47 49
47 50
47 69
47 78
48 0
48 3
48 39
48 57
48 92
49 5
49 7
49 23
49 29
49 50
49 54
49 63
49 74
49 76
49 87
50 12
50 13
50 23
50 54
50 64
50 66
50 76
50 79
51 17
51 31
51 34
51 36
51 40
51 46
51 62
51 77
51 81
51 89
51 99
52 33
52 38
52 56
52 61
53 4
53 20
53 36
53 46
53 51
53 65
53 81
53 85
53 89
53 90
54 13
54 47
54 69
54 74
54 76
54 78
55 10
55 27
55 94
56 38
57 19
57 28
57 39
57 65
57 86
58 4
58 34
58 36
58 43
58 46
58 53
58 62
58 77
58 91
59 10
59 55
60 1
60 18
60 25
60 32
60 84
60 95
61 17
61 22
61 38
61 96
62 43
62 46
62 53
62 65
62 81
62 85
62 90
62 91
62 99
63 5
63 12
63 29
63 47
63 64
63 66
63 69
63 78
64 23
64 29
64 47
64 49
64 54
64 62
64 66
64 79
64 87
65 36
65 40
65 43
65 51
65 58
65 81
65 85
65 89
65 90
66 5
66 13
66 33
66 47
66 49
66 79
66 87
67 20
67 31
67 34
67 40
67 51
67 58
67 62
67 89
68 7
68 9
68 16
68 26
68 83
68 97
69 5
69 33
69 50
69 64
69 74
69 76
69 78
70 11
70 30
70 68
70 83
71 38
71 52
71 61
72 32
72 60
72 80
73 8
73 41
74 5
74 13
74 47
74 50
74 63
74 66
74 79
75 9
75 26
75 30
75 37
75 68
75 70
75 83
76 12
76 13
76 29
76 47
76 63
76 64
76 66
76 79
76 87
77 4
77 20
77 31
77 40
77 46
77 53
77 62
77 65
77 67
77 81
77 85
77 89
77 91
77 94
77 99
78 5
78 13
78 33
78 43
78 50
78 64
78 66
78 74
78 76
79 5
79 12
79 29
79 33
79 49
79 54
79 63
79 69
79 78
79 87
80 1
80 18
80 25
80 42
80 95
81 34
81 40
81 46
81 58
81 67
81 85
81 90
81 91
82 19
82 21
82 48
82 92
82 93
83 16
83 37
83 97
84 32
84 80
84 95
85 17
85 40
85 46
85 51
85 58
85 67
85 89
85 90
85 99
86 0
86 24
86 39
86 44
86 45
86 48
86 82
86 92
86 93
87 5
87 12
87 13
87 23
87 33
87 47
87 50
87 54
87 63
87 69
87 78
88 7
88 9
88 16
88 26
88 68
88 70
88 83
88 97
89 4
89 17
89 20
89 40
89 58
89 62
89 81
89 90
89 99
90 17
90 20
90 34
90 40
90 43
90 46
90 51
90 77
90 91
90 99
91 31
91 34
91 40
91 51
91 53
91 65
91 67
91 85
91 89
91 99
92 0
92 3
92 21
92 24
92 28
92 45
92 57
93 19
93 21
93 24
93 28
93 39
93 44
93 48
93 57
93 92
93 96
94 10
94 59
95 42
95 88
96 19
96 24
96 44
96 48
96 57
96 82
96 86
96 92
97 9
97 65
97 70
97 75
98 8
98 14
98 83
99 4
99 17
99 31
99 34
99 43
99 46
99 53
99 65
99 81
