100 1162
0 1
0 26
0 27
0 31
0 34
0 40
0 44
0 50
0 57
0 66
0 69
0 73
0 94
0 99
1 2
1 19
1 27
1 55
1 57
1 60
1 66
1 69
1 73
1 87
1 94
2 0
2 19
2 26
2 34
2 44
2 50
2 60
2 73
2 81
2 87
3 35
3 49
4 7
4 9
4 10
4 12
4 16
4 21
4 24
4 28
4 37
4 39
4 46
4 53
4 61
4 71
4 79
4 82
4 88
4 90
4 96
4 97
5 4
5 7
5 9
5 12
5 16
5 18
5 24
5 28
5 37
5 39
5 46
5 67
5 68
5 71
5 78
5 90
5 96
6 17
6 22
6 33
6 54
6 62
6 70
6 72
6 75
6 80
6 86
6 89
6 92
6 93
7 11
7 15
7 16
7 24
7 25
7 28
7 37
7 41
7 46
7 47
7 61
7 64
7 71
7 79
8 3
8 14
8 35
8 84
8 98
9 7
9 10
9 12
9 21
9 25
9 39
9 46
9 52
9 56
9 58
9 61
9 67
9 78
9 79
9 82
9 90
9 96
9 97
10 5
10 7
10 15
10 16
10 25
10 46
10 47
10 58
10 61
10 64
10 68
10 71
10 88
10 90
10 96
10 97
11 4
11 5
11 9
11 12
11 15
11 18
11 21
11 39
11 47
11 52
11 56
11 61
11 71
12 10
12 15
12 37
12 41
12 56
12 64
12 78
12 79
12 82
12 90
12 97
13 51
13 63
14 3
14 35
14 49
15 4
15 9
15 16
15 21
15 28
15 39
15 46
15 47
15 52
15 53
15 61
15 64
15 67
15 68
15 82
15 97
16 9
16 12
16 18
16 21
16 24
16 46
16 47
16 52
16 53
16 56
16 58
16 61
16 67
16 68
16 71
16 78
17 22
17 23
17 30
17 33
17 48
17 54
17 76
17 92
17 93
17 95
18 4
18 7
18 10
18 12
18 52
18 53
18 58
18 64
18 67
18 68
18 71
18 79
18 90
18 98
19 26
19 31
19 34
19 35
19 44
19 50
19 57
19 60
19 66
19 81
19 87
19 91
19 99
20 13
20 63
21 5
21 7
21 10
21 12
21 18
21 37
21 41
21 56
21 61
21 67
21 71
21 82
21 96
22 32
22 36
22 42
22 54
22 65
22 72
22 76
22 86
22 89
22 92
23 6
23 22
23 36
23 42
23 62
23 75
23 77
23 83
23 86
23 89
23 95
24 9
24 10
24 11
24 12
24 15
24 18
24 21
24 28
24 39
24 41
24 46
24 58
24 64
24 68
24 78
24 79
24 82
24 88
25 4
25 5
25 11
25 12
25 16
25 21
25 24
25 28
25 39
25 41
25 46
25 47
25 56
25 67
25 71
25 79
26 1
26 31
26 38
26 40
26 55
26 57
26 73
26 91
26 99
27 2
27 19
27 26
27 31
27 40
27 44
27 55
27 57
27 69
27 73
27 74
27 81
28 1
28 9
28 10
28 11
28 12
28 16
28 18
28 21
28 37
28 47
28 56
28 58
28 68
28 71
28 90
29 3
29 8
29 14
29 45
30 6
30 22
30 23
30 32
30 33
30 36
30 42
30 54
30 62
30 65
30 70
30 72
30 76
30 80
30 83
30 89
30 92
30 95
31 1
31 2
31 34
31 40
31 44
31 66
31 74
31 87
31 91
31 99
32 6
32 17
32 33
32 43
32 65
32 77
32 86
32 93
32 95
33 22
33 23
33 43
33 48
33 54
33 77
33 80
33 83
33 89
33 95
34 1
34 26
34 27
34 40
34 55
34 69
34 73
34 74
34 91
34 99
35 29
35 45
35 98
36 17
36 32
36 33
36 43
36 48
36 54
36 62
36 70
36 76
36 77
36 80
36 83
36 86
36 92
37 9
37 11
37 15
37 16
37 18
37 24
37 25
37 46
37 52
37 56
37 61
37 67
37 79
37 82
37 90
38 0
38 1
38 27
38 31
38 50
38 57
38 66
38 69
38 73
38 74
38 81
38 94
38 99
39 7
39 10
39 16
39 18
39 21
39 28
39 37
39 53
39 61
39 90
39 96
40 1
40 2
40 19
40 38
40 44
40 69
40 74
40 81
40 87
40 94
41 5
41 9
41 10
41 11
41 15
41 16
41 18
41 37
41 39
41 46
41 58
41 61
41 68
41 71
41 78
41 79
41 90
42 6
42 17
42 33
42 36
42 43
42 54
42 65
42 72
42 76
42 77
42 83
43 6
43 17
43 22
43 23
43 30
43 48
43 76
43 77
43 80
43 83
43 89
44 1
44 26
44 38
44 55
44 57
44 60
44 81
44 87
44 94
45 3
45 8
45 14
45 49
45 98
46 11
46 12
46 18
46 28
46 39
46 52
46 61
46 68
46 71
46 90
46 97
47 4
47 9
47 12
47 18
47 21
47 37
47 39
47 46
47 52
47 53
47 56
47 61
47 68
47 78
47 79
47 82
47 90
47 97
48 6
48 22
48 30
48 42
48 62
48 65
48 72
48 75
48 80
48 89
49 8
49 29
49 35
49 84
49 98
50 1
50 26
50 27
50 31
50 34
50 40
50 44
50 57
50 69
50 73
50 74
50 81
50 99
51 20
51 59
52 4
52 5
52 7
52 12
52 21
52 24
52 25
52 28
52 39
52 53
52 56
52 58
52 61
52 64
52 67
52 71
52 79
52 96
52 97
53 5
53 9
53 10
53 11
53 12
53 21
53 24
53 28
53 37
53 41
53 46
53 61
53 64
53 67
53 82
53 88
53 96
54 32
54 43
54 48
54 62
54 65
54 72
54 76
54 77
54 92
54 95
55 0
55 2
55 19
55 20
55 31
55 38
55 40
55 50
55 57
55 60
55 66
55 81
55 87
55 91
55 99
56 4
56 5
56 7
56 10
56 15
56 18
56 24
56 39
56 41
56 46
56 53
56 64
56 68
56 71
56 82
56 90
56 96
56 97
57 34
57 69
57 73
57 74
57 81
57 91
57 99
58 4
58 5
58 11
58 12
58 15
58 21
58 25
58 37
58 39
58 46
58 53
58 64
58 71
58 79
58 82
58 90
58 96
58 97
59 13
59 63
60 0
60 26
60 27
60 31
60 38
60 40
60 50
60 57
60 66
60 81
61 5
61 12
61 25
61 28
61 56
61 58
61 67
61 79
61 82
61 90
61 97
62 17
62 22
62 33
62 70
62 72
62 77
62 80
62 83
62 86
62 89
63 51
64 5
64 9
64 11
64 16
64 21
64 25
64 28
64 41
64 46
64 61
64 67
64 68
64 78
64 90
64 96
65 17
65 23
65 33
65 36
65 43
65 62
65 75
65 77
65 89
65 92
65 95
66 2
66 26
66 27
66 57
66 73
66 85
66 87
66 91
67 4
67 7
67 10
67 11
67 12
67 24
67 28
67 39
67 41
67 46
67 56
67 78
68 4
68 7
68 9
68 11
68 12
68 21
68 25
68 37
68 52
68 58
68 67
68 78
68 88
68 90
69 2
69 19
69 26
69 31
69 44
69 55
69 60
69 66
69 81
69 91
69 99
70 17
70 22
70 23
70 32
70 33
70 42
70 43
70 54
70 65
70 72
70 75
70 76
70 77
70 80
70 83
70 89
70 92
70 95
71 9
71 12
71 15
71 37
71 38
71 39
71 47
71 53
71 64
71 67
71 68
71 90
71 96
72 17
72 32
72 33
72 36
72 65
72 75
72 77
72 80
72 86
72 89
72 92
72 93
72 95
73 19
73 31
73 40
73 55
73 60
73 69
73 74
73 85
73 91
73 94
73 99
74 0
74 1
74 2
74 19
74 26
74 44
74 55
74 60
74 81
74 87
75 17
75 22
75 30
75 32
75 33
75 42
75 43
75 54
75 62
75 89
75 93
76 6
76 23
76 32
76 33
76 48
76 62
76 65
76 72
76 75
76 77
76 80
76 89
76 93
76 95
77 6
77 17
77 22
77 30
77 48
77 75
77 80
77 86
77 93
78 4
78 10
78 11
78 15
78 18
78 21
78 25
78 28
78 37
78 39
78 46
78 52
78 53
78 56
78 58
78 61
78 71
78 79
78 82
78 88
78 96
78 97
79 10
79 11
79 15
79 16
79 21
79 28
79 39
79 46
79 53
79 56
79 67
79 68
79 71
79 88
79 90
79 96
79 97
80 17
80 22
80 23
80 32
80 42
80 54
80 65
80 83
80 86
80 89
80 92
80 93
81 0
81 1
81 26
81 31
81 34
81 66
81 73
81 85
81 91
81 94
82 5
82 11
82 16
82 18
82 25
82 28
82 39
82 41
82 46
82 52
82 64
82 67
82 68
82 71
82 79
82 96
83 6
83 14
83 22
83 32
83 48
83 54
83 65
83 72
83 75
83 76
83 77
83 93
83 95
84 14
84 29
84 35
84 45
85 1
85 2
85 19
85 26
85 27
85 31
85 34
85 38
85 40
85 44
85 50
85 55
85 57
85 69
85 74
85 87
85 94
85 99
86 17
86 30
86 33
86 43
86 48
86 54
86 65
86 70
86 75
86 76
86 83
86 89
87 0
87 26
87 27
87 38
87 57
87 60
87 69
87 73
87 91
87 94
87 99
88 5
88 7
88 9
88 11
88 15
88 16
88 18
88 21
88 28
88 37
88 39
88 41
88 46
88 47
88 52
88 56
88 58
88 61
88 64
88 71
88 82
88 97
89 17
89 32
89 36
89 42
89 54
89 92
89 95
90 7
90 11
90 16
90 24
90 25
90 52
90 53
90 67
90 78
90 82
90 88
91 0
91 2
91 27
91 38
91 40
91 44
91 74
91 94
92 23
92 32
92 33
92 42
92 48
92 75
92 76
92 77
92 83
92 86
92 93
93 23
93 30
93 33
93 36
93 42
93 43
93 62
93 65
93 70
93 86
93 89
93 95
94 2
94 19
94 27
94 31
94 34
94 50
94 55
94 57
94 60
94 66
94 69
95 6
95 22
95 42
95 43
95 48
95 75
95 77
95 80
95 86
95 92
96 7
96 11
96 12
96 15
96 16
96 18
96 24
96 25
96 28
96 37
96 41
96 46
96 47
96 67
96 90
96 97
97 7
97 11
97 18
97 24
97 28
97 37
97 39
97 41
97 53
97 64
97 67
97 68
97 71
97 82
97 90
98 3
98 14
98 29
98 84
99 1
99 2
99 40
99 44
99 60
99 66
99 74
99 91
99 94
