200 1680
0 24
0 50
0 70
0 73
0 105
0 150
0 152
0 181
1 86
1 89
1 113
1 175
1 189
2 27
2 37
2 38
2 56
2 60
2 85
2 101
2 130
2 137
2 153
2 160
2 163
2 164
2 169
2 172
2 191
3 21
3 66
3 98
3 121
3 125
3 194
3 197
4 5
4 11
4 35
4 68
4 74
4 94
4 139
5 43
5 46
5 74
5 76
5 94
5 124
5 168
6 15
6 177
6 193
7 8
7 9
7 45
7 53
7 64
7 69
7 71
7 88
7 118
7 133
7 143
7 146
7 154
7 159
7 186
8 29
8 32
8 45
8 53
8 64
8 83
8 95
8 154
8 186
9 8
9 23
9 32
9 45
9 64
9 88
9 95
9 114
9 118
9 143
9 159
10 151
11 28
11 35
11 43
11 46
11 49
11 68
11 77
11 129
11 135
11 139
11 185
12 3
12 79
12 98
12 99
12 104
12 117
12 121
12 130
12 170
12 194
12 197
13 0
13 22
13 31
13 50
13 70
13 73
13 148
13 150
13 181
13 184
14 134
14 198
15 20
15 75
15 182
16 141
16 179
16 199
17 1
17 65
17 89
17 93
17 157
17 189
18 2
18 27
18 37
18 60
18 72
18 82
18 101
18 110
18 127
18 136
18 153
18 164
18 165
18 172
19 61
19 90
19 103
19 144
19 145
20 6
20 75
20 177
20 193
21 12
21 41
21 59
21 66
21 79
21 91
21 98
21 99
21 104
21 117
21 121
21 125
21 196
22 0
22 73
22 148
22 181
23 8
23 29
23 32
23 40
23 54
23 71
23 83
23 95
23 100
23 102
23 133
23 186
24 13
24 22
24 31
24 73
24 105
24 192
25 2
25 18
25 27
25 48
25 56
25 60
25 82
25 85
25 107
25 119
25 125
25 127
25 136
25 137
25 153
25 160
25 164
25 183
25 191
26 6
26 20
26 177
26 182
26 193
27 37
27 38
27 60
27 85
27 101
27 119
27 127
27 165
27 183
27 191
28 4
28 35
28 43
28 49
28 51
28 76
28 77
28 94
28 131
28 135
28 138
28 168
28 180
29 7
29 9
29 40
29 64
29 71
29 83
29 88
29 102
29 118
29 133
29 186
30 67
31 0
31 22
31 148
31 192
32 7
32 29
32 45
32 47
32 64
32 71
32 83
32 88
32 95
32 100
32 102
32 146
33 111
33 161
34 16
34 112
34 140
34 179
35 5
35 51
35 68
35 74
35 76
35 77
35 94
35 124
35 138
35 168
35 180
35 185
36 57
37 25
37 38
37 48
37 72
37 82
37 85
37 107
37 119
37 136
37 153
37 160
37 163
37 172
37 191
38 18
38 25
38 48
38 56
38 72
38 82
38 119
38 127
38 136
38 153
38 160
38 164
38 169
38 172
39 19
39 61
39 63
39 90
39 103
39 122
39 174
40 7
40 9
40 32
40 45
40 47
40 83
40 95
40 102
40 186
41 3
41 12
41 115
41 117
41 125
41 170
41 197
42 30
43 4
43 35
43 76
43 124
43 131
43 135
43 147
43 167
43 168
43 180
44 58
44 80
44 126
44 156
44 158
44 162
44 166
44 176
44 178
44 188
45 29
45 47
45 71
45 118
45 143
46 4
46 28
46 35
46 43
46 51
46 68
46 74
46 131
46 138
46 180
46 185
47 8
47 9
47 23
47 29
47 54
47 71
47 83
47 88
47 95
47 102
47 114
47 118
47 133
47 154
47 159
48 2
48 18
48 27
48 72
48 85
48 101
48 107
48 110
48 119
48 127
48 136
48 160
48 163
48 165
48 169
49 4
49 5
49 35
49 43
49 46
49 74
49 76
49 124
49 131
49 180
50 24
50 31
50 70
50 148
51 5
51 11
51 43
51 49
51 74
51 94
51 124
51 138
51 147
51 168
51 180
51 185
52 58
52 62
52 80
52 92
52 156
52 158
52 187
53 9
53 23
53 29
53 32
53 45
53 54
53 69
53 79
53 88
53 114
53 118
53 133
53 143
53 159
54 7
54 8
54 9
54 29
54 32
54 40
54 45
54 64
54 69
54 88
54 154
54 159
55 33
56 27
56 37
56 48
56 72
56 85
56 107
56 160
56 163
56 169
56 172
56 183
58 62
58 80
58 81
58 84
58 92
58 156
58 178
58 188
58 190
59 3
59 12
59 41
59 91
59 98
59 99
59 121
59 194
60 37
60 38
60 48
60 56
60 82
60 85
60 101
60 107
60 110
60 119
60 136
60 160
60 183
61 90
61 132
61 144
61 145
61 155
61 171
61 174
62 44
62 81
62 84
62 92
62 96
62 126
62 178
62 187
62 188
63 19
63 61
63 132
63 144
63 174
64 23
64 45
64 47
64 53
64 71
64 95
64 154
65 1
65 89
65 142
65 157
66 59
66 79
66 91
66 99
66 115
66 121
66 194
66 197
67 42
68 5
68 28
68 43
68 49
68 51
68 76
68 77
68 124
68 129
68 135
68 139
68 147
68 180
68 185
69 8
69 29
69 32
69 40
69 45
69 47
69 64
69 83
69 114
69 146
69 154
69 159
70 22
70 31
70 73
70 181
70 192
71 8
71 40
71 53
71 54
71 69
71 83
71 133
71 143
71 146
71 154
71 159
71 186
72 2
72 25
72 60
72 82
72 101
72 107
72 160
72 164
72 172
72 183
73 31
73 50
73 150
73 152
73 181
73 184
73 192
74 11
74 76
74 135
74 139
74 147
74 167
74 168
74 180
74 185
75 6
75 26
75 182
75 193
76 4
76 11
76 46
76 51
76 77
76 129
76 131
76 138
76 167
76 168
76 180
77 4
77 43
77 46
77 49
77 51
77 74
77 147
77 167
77 180
78 12
78 14
78 95
78 134
78 198
79 3
79 41
79 59
79 98
79 104
79 120
79 196
80 62
80 81
80 84
80 106
80 108
80 126
80 190
81 44
81 52
81 84
81 106
81 108
81 156
81 158
81 178
81 188
82 48
82 56
82 85
82 101
82 110
82 119
82 127
82 137
82 153
82 160
82 165
83 7
83 9
83 45
83 53
83 54
83 64
83 102
83 146
84 44
84 52
84 92
84 106
84 158
84 162
84 188
84 190
85 1
85 18
85 38
85 72
85 101
85 107
85 110
85 134
85 137
85 160
85 163
85 191
86 17
86 65
86 89
86 113
86 116
86 142
86 157
86 175
87 14
87 78
87 135
88 8
88 23
88 40
88 45
88 69
88 71
88 83
88 133
88 143
88 154
88 159
89 93
89 113
89 116
89 142
89 157
89 175
90 63
90 103
90 122
90 132
90 155
91 3
91 12
91 41
91 79
91 98
91 99
91 115
91 117
91 121
91 196
91 197
92 80
92 96
92 106
92 158
92 187
92 188
92 190
93 1
93 113
93 116
93 142
93 189
93 195
94 11
94 43
94 46
94 49
94 68
94 74
94 76
94 77
94 138
94 180
95 7
95 29
95 69
95 71
95 83
95 88
95 100
95 102
95 131
95 133
95 143
95 154
95 159
95 186
96 44
96 52
96 58
96 80
96 81
96 84
96 106
96 156
96 157
96 158
96 166
96 176
96 187
96 190
97 10
97 123
97 128
97 173
97 181
98 66
98 99
98 170
98 194
98 196
99 3
99 41
99 79
99 104
99 115
99 117
99 125
99 196
100 7
100 8
100 9
100 40
100 45
100 47
100 53
100 54
100 64
100 69
100 71
100 83
100 88
100 118
100 133
100 143
100 146
100 154
100 159
100 186
101 25
101 38
101 56
101 107
101 110
101 127
101 136
101 160
101 163
101 169
101 172
101 183
101 191
102 7
102 8
102 9
102 45
102 53
102 54
102 64
102 69
102 71
102 88
102 133
102 146
102 186
103 63
103 132
103 145
103 155
104 41
104 59
104 66
104 91
104 115
104 121
104 125
104 130
104 170
105 13
105 31
105 50
105 70
105 181
106 52
106 58
106 62
106 126
106 156
106 158
106 166
106 176
106 178
106 187
106 188
106 190
107 2
107 18
107 27
107 38
107 110
107 127
107 137
108 44
108 52
108 58
108 84
108 92
108 96
108 106
108 162
108 178
109 19
109 61
109 63
109 103
109 132
109 144
109 145
109 174
110 2
110 25
110 27
110 37
110 38
110 72
110 119
110 127
110 136
110 137
110 164
110 165
110 172
111 55
111 161
112 16
112 140
112 141
112 179
112 199
113 17
113 65
113 116
113 157
113 175
113 189
114 7
114 8
114 23
114 29
114 32
114 40
114 45
114 64
114 83
114 95
114 100
114 102
114 118
114 154
114 159
114 186
115 3
115 12
115 21
115 59
115 98
115 125
115 130
115 170
115 194
115 196
115 197
116 17
116 142
116 175
116 189
117 3
117 59
117 98
117 104
117 115
117 121
117 130
117 194
118 8
118 23
118 32
118 40
118 64
118 71
118 77
118 83
118 88
118 102
118 143
118 146
118 159
118 186
119 2
119 18
119 56
119 72
119 85
119 101
119 107
119 127
119 163
119 165
119 183
119 191
120 3
120 12
120 21
120 41
120 66
120 91
120 98
120 130
120 170
120 194
120 197
121 41
121 79
121 99
121 115
121 120
121 130
121 194
121 196
121 197
122 19
122 61
122 103
122 109
122 144
122 145
123 10
123 151
123 173
124 4
124 11
124 28
124 46
124 74
124 76
124 129
124 131
124 139
124 147
124 180
125 12
125 66
125 79
125 91
125 98
125 117
125 120
125 121
125 194
126 52
126 58
126 81
126 84
126 92
126 96
126 108
126 176
126 178
126 187
126 190
127 2
127 37
127 56
127 60
127 62
127 72
127 85
127 153
127 164
127 165
127 191
128 10
128 123
129 4
129 28
129 35
129 43
129 46
129 49
129 74
129 116
129 135
129 147
129 180
130 3
130 59
130 66
130 79
130 91
130 98
130 99
130 125
130 196
130 197
131 4
131 5
131 11
131 51
131 74
131 77
131 94
131 129
131 139
131 167
131 185
132 19
132 39
132 122
132 145
132 174
132 197
133 8
133 9
133 32
133 40
133 45
133 54
133 64
133 69
133 114
133 118
133 143
133 159
133 186
134 87
134 198
135 4
135 5
135 35
135 49
135 76
135 77
135 124
135 131
135 138
135 139
135 185
136 27
136 56
136 72
136 82
136 85
136 107
136 119
136 127
136 137
136 153
136 163
136 164
136 165
136 169
136 191
137 18
137 27
137 37
137 38
137 48
137 56
137 60
137 72
137 101
137 127
137 153
137 160
137 164
137 172
137 183
137 191
138 4
138 5
138 11
138 17
138 43
138 49
138 68
138 74
138 77
138 124
138 131
138 168
138 185
139 5
139 28
139 35
139 46
139 49
139 51
139 76
139 77
139 94
139 129
139 138
139 147
140 16
140 141
141 199
142 1
142 17
142 175
142 189
143 8
143 23
143 29
143 32
143 40
143 47
143 54
143 64
143 69
143 83
143 92
143 102
143 114
143 186
144 39
144 90
144 103
144 132
144 145
144 155
144 174
145 39
145 63
145 90
145 155
145 174
146 8
146 9
146 23
146 29
146 40
146 45
146 47
146 54
146 64
146 88
146 95
146 114
146 133
146 143
146 186
147 4
147 5
147 20
147 28
147 35
147 49
147 76
147 94
147 131
147 135
147 167
147 180
147 185
148 0
148 24
148 70
148 73
148 105
148 150
148 184
149 16
149 34
149 112
149 140
149 141
149 185
149 199
150 22
150 24
150 31
150 70
150 105
150 181
150 184
150 192
151 97
151 128
152 13
152 22
152 24
152 50
152 70
152 105
152 150
152 192
153 27
153 48
153 56
153 60
153 72
153 101
153 107
153 110
153 160
153 163
153 164
153 169
153 191
154 9
154 29
154 32
154 40
154 45
154 53
154 83
154 102
154 118
154 133
154 143
154 146
154 159
155 19
155 39
155 109
155 122
155 132
155 171
155 174
156 62
156 80
156 84
156 92
156 108
156 126
156 158
156 166
156 178
156 190
157 1
157 93
157 116
157 142
157 189
158 58
158 80
158 126
158 166
158 187
159 8
159 23
159 29
159 32
159 40
159 45
159 83
159 102
159 143
159 146
159 186
160 18
160 27
160 107
160 110
160 119
160 127
160 136
160 172
160 183
161 55
162 58
162 62
162 80
162 81
162 92
162 96
162 106
162 126
162 156
162 158
162 176
162 187
162 190
163 18
163 27
163 72
163 107
163 110
163 127
163 169
163 172
164 48
164 60
164 82
164 85
164 107
164 160
164 163
165 2
165 25
165 37
165 38
165 56
165 60
165 72
165 85
165 101
165 107
165 137
165 153
165 160
165 163
165 164
166 52
166 58
166 62
166 80
166 84
166 92
166 108
166 126
166 162
166 190
167 4
167 5
167 11
167 28
167 35
167 49
167 51
167 68
167 94
167 124
167 129
167 135
167 139
167 168
167 180
167 185
168 4
168 11
168 46
168 49
168 68
168 94
168 124
168 129
168 131
168 135
168 139
168 147
168 185
169 18
169 27
169 37
169 60
169 72
169 82
169 85
169 110
169 119
169 127
169 137
169 160
169 164
169 165
169 172
169 183
169 191
170 3
170 59
170 66
170 79
170 91
170 99
170 117
170 121
170 125
170 194
170 196
171 19
171 39
171 63
171 90
171 103
171 109
171 122
171 132
171 144
171 145
171 174
172 25
172 27
172 48
172 60
172 85
172 107
172 119
172 127
172 136
172 153
172 164
172 183
173 10
173 128
173 151
174 19
174 90
174 103
175 17
175 65
175 93
175 157
175 189
175 195
176 52
176 62
176 80
176 81
176 108
176 156
176 158
176 166
176 190
177 75
177 182
177 193
178 52
178 80
178 84
178 92
178 96
178 135
178 158
178 162
178 176
178 187
179 140
179 141
179 149
180 4
180 5
180 11
180 131
180 135
180 138
180 139
180 168
181 24
181 31
181 50
181 148
182 6
182 193
183 2
183 11
183 18
183 37
183 38
183 48
183 82
183 85
183 107
183 110
183 127
183 136
183 153
183 163
183 164
183 165
184 0
184 22
184 24
184 31
184 70
184 105
184 181
185 4
185 5
185 28
185 43
185 49
185 76
185 77
185 94
185 99
185 139
185 177
186 9
186 32
186 45
186 47
186 54
186 64
186 69
186 83
186 88
186 154
187 44
187 58
187 80
187 81
187 84
187 108
187 156
187 166
187 176
187 190
188 52
188 80
188 96
188 126
188 156
188 158
188 162
188 166
188 176
188 178
189 86
189 89
190 44
190 52
190 81
190 108
190 158
190 178
191 38
191 48
191 56
191 60
191 82
191 107
191 110
191 160
191 164
191 183
192 13
192 50
192 181
192 184
193 15
194 21
194 41
194 79
194 91
194 99
194 104
194 130
194 196
195 1
195 17
195 65
195 86
195 89
195 113
195 116
195 157
195 189
196 3
196 12
196 41
196 59
196 66
196 104
196 120
196 125
197 21
197 59
197 79
197 99
197 104
197 117
197 125
197 148
197 170
197 194
198 87
199 34
199 140
